RR[1]	1	750
RR[2]	751	1500
RR[3]	1501	2250
RR[4]	2251	3000
RR[5]	3001	3750
RR[6]	3751	4500
RR[7]	4501	5250
RR[8]	5251	6000
RR[9]	6001	6750
RR[10]	6751	7500
RR[11]	7501	8250
RR[12]	8251	9000
RR[13]	9001	9750
RR[14]	9751	10500
RR[15]	10501	11250
RR[16]	11251	12000
RR[17]	12001	12750
RR[18]	12751	13500
RR[19]	13501	14250
RR[20]	14251	15000
RR[21]	15001	15750
RR[22]	15751	16500
RR[23]	16501	17250
RR[24]	17251	18000
RR[25]	18001	18750
RR[26]	18751	19500
RR[27]	19501	20250
RR[28]	20251	21000
RR[29]	21001	21750
RR[30]	21751	22500
RR[31]	22501	23250
RR[32]	23251	24000
RR[33]	24001	24750
RR[34]	24751	25500
RR[35]	25501	26250
RR[36]	26251	27000
RR[37]	27001	27750
RR[38]	27751	28500
RR[39]	28501	29250
RR[40]	29251	30000
RR[41]	30001	30750
RR[42]	30751	31500
RR[43]	31501	32250
RR[44]	32251	33000
RR[45]	33001	33750
RR[46]	33751	34500
RR[47]	34501	35250
RR[48]	35251	36000
RR[49]	36001	36750
RR[50]	36751	37500
RR[51]	37501	38250
RR[52]	38251	39000
RR[53]	39001	39750
RR[54]	39751	40500
RR[55]	40501	41250
RR[56]	41251	42000
RR[57]	42001	42750
RR[58]	42751	43500
RR[59]	43501	44250
RR[60]	44251	45000
RR[61]	45001	45750
RR[62]	45751	46500
RR[63]	46501	47250
RR[64]	47251	48000
RR[65]	48001	48750
RR[66]	48751	49500
RR[67]	49501	50250
RR[68]	50251	51000
RR[69]	51001	51750
RR[70]	51751	52500
RR[71]	52501	53250
RR[72]	53251	54000
RR[73]	54001	54750
RR[74]	54751	55500
RR[75]	55501	56250
RR[76]	56251	57000
RR[77]	57001	57750
RR[78]	57751	58500
RR[79]	58501	59250
RR[80]	59251	60000
RR[81]	60001	60750
RR[82]	60751	61500
RR[83]	61501	62250
RR[84]	62251	63000
RR[85]	63001	63750
RR[86]	63751	64500
RR[87]	64501	65250
RR[88]	65251	66000
RR[89]	66001	66750
RR[90]	66751	67500
RR[91]	67501	68250
RR[92]	68251	69000
RR[93]	69001	69750
RR[94]	69751	70500
RR[95]	70501	71250
RR[96]	71251	72000
RR[97]	72001	72750
RR[98]	72751	73500
RR[99]	73501	74250
RR[100]	74251	75000
RR[101]	75001	75750
RR[102]	75751	76500
RR[103]	76501	77250
RR[104]	77251	78000
RR[105]	78001	78750
RR[106]	78751	79500
RR[107]	79501	80250
RR[108]	80251	81000
RR[109]	81001	81750
RR[110]	81751	82500
RR[111]	82501	83250
RR[112]	83251	84000
RR[113]	84001	84750
RR[114]	84751	85500
RR[115]	85501	86250
RR[116]	86251	87000
RR[117]	87001	87750
RR[118]	87751	88500
RR[119]	88501	89250
RR[120]	89251	90000
RR[121]	90001	90750
RR[122]	90751	91500
RR[123]	91501	92250
RR[124]	92251	93000
RR[125]	93001	93750
RR[126]	93751	94500
RR[127]	94501	95250
RR[128]	95251	96000
RR[129]	96001	96750
RR[130]	96751	97500
RR[131]	97501	98250
RR[132]	98251	99000
RR[133]	99001	99750
RR[134]	99751	100500
RR[135]	100501	101250
RR[136]	101251	102000
RR[137]	102001	102750
RR[138]	102751	103500
RR[139]	103501	104250
RR[140]	104251	105000
RR[141]	105001	105750
RR[142]	105751	106500
RR[143]	106501	107250
RR[144]	107251	108000
alpha0	108001	108750
deviance	108751	109500
resid[1]	109501	110250
resid[2]	110251	111000
resid[3]	111001	111750
resid[4]	111751	112500
resid[5]	112501	113250
resid[6]	113251	114000
resid[7]	114001	114750
resid[8]	114751	115500
resid[9]	115501	116250
resid[10]	116251	117000
resid[11]	117001	117750
resid[12]	117751	118500
resid[13]	118501	119250
resid[14]	119251	120000
resid[15]	120001	120750
resid[16]	120751	121500
resid[17]	121501	122250
resid[18]	122251	123000
resid[19]	123001	123750
resid[20]	123751	124500
resid[21]	124501	125250
resid[22]	125251	126000
resid[23]	126001	126750
resid[24]	126751	127500
resid[25]	127501	128250
resid[26]	128251	129000
resid[27]	129001	129750
resid[28]	129751	130500
resid[29]	130501	131250
resid[30]	131251	132000
resid[31]	132001	132750
resid[32]	132751	133500
resid[33]	133501	134250
resid[34]	134251	135000
resid[35]	135001	135750
resid[36]	135751	136500
resid[37]	136501	137250
resid[38]	137251	138000
resid[39]	138001	138750
resid[40]	138751	139500
resid[41]	139501	140250
resid[42]	140251	141000
resid[43]	141001	141750
resid[44]	141751	142500
resid[45]	142501	143250
resid[46]	143251	144000
resid[47]	144001	144750
resid[48]	144751	145500
resid[49]	145501	146250
resid[50]	146251	147000
resid[51]	147001	147750
resid[52]	147751	148500
resid[53]	148501	149250
resid[54]	149251	150000
resid[55]	150001	150750
resid[56]	150751	151500
resid[57]	151501	152250
resid[58]	152251	153000
resid[59]	153001	153750
resid[60]	153751	154500
resid[61]	154501	155250
resid[62]	155251	156000
resid[63]	156001	156750
resid[64]	156751	157500
resid[65]	157501	158250
resid[66]	158251	159000
resid[67]	159001	159750
resid[68]	159751	160500
resid[69]	160501	161250
resid[70]	161251	162000
resid[71]	162001	162750
resid[72]	162751	163500
resid[73]	163501	164250
resid[74]	164251	165000
resid[75]	165001	165750
resid[76]	165751	166500
resid[77]	166501	167250
resid[78]	167251	168000
resid[79]	168001	168750
resid[80]	168751	169500
resid[81]	169501	170250
resid[82]	170251	171000
resid[83]	171001	171750
resid[84]	171751	172500
resid[85]	172501	173250
resid[86]	173251	174000
resid[87]	174001	174750
resid[88]	174751	175500
resid[89]	175501	176250
resid[90]	176251	177000
resid[91]	177001	177750
resid[92]	177751	178500
resid[93]	178501	179250
resid[94]	179251	180000
resid[95]	180001	180750
resid[96]	180751	181500
resid[97]	181501	182250
resid[98]	182251	183000
resid[99]	183001	183750
resid[100]	183751	184500
resid[101]	184501	185250
resid[102]	185251	186000
resid[103]	186001	186750
resid[104]	186751	187500
resid[105]	187501	188250
resid[106]	188251	189000
resid[107]	189001	189750
resid[108]	189751	190500
resid[109]	190501	191250
resid[110]	191251	192000
resid[111]	192001	192750
resid[112]	192751	193500
resid[113]	193501	194250
resid[114]	194251	195000
resid[115]	195001	195750
resid[116]	195751	196500
resid[117]	196501	197250
resid[118]	197251	198000
resid[119]	198001	198750
resid[120]	198751	199500
resid[121]	199501	200250
resid[122]	200251	201000
resid[123]	201001	201750
resid[124]	201751	202500
resid[125]	202501	203250
resid[126]	203251	204000
resid[127]	204001	204750
resid[128]	204751	205500
resid[129]	205501	206250
resid[130]	206251	207000
resid[131]	207001	207750
resid[132]	207751	208500
resid[133]	208501	209250
resid[134]	209251	210000
resid[135]	210001	210750
resid[136]	210751	211500
resid[137]	211501	212250
resid[138]	212251	213000
resid[139]	213001	213750
resid[140]	213751	214500
resid[141]	214501	215250
resid[142]	215251	216000
resid[143]	216001	216750
resid[144]	216751	217500
sigma.s	217501	218250
tau.s	218251	219000
