RR[1]	1	900
RR[2]	901	1800
RR[3]	1801	2700
RR[4]	2701	3600
RR[5]	3601	4500
RR[6]	4501	5400
RR[7]	5401	6300
RR[8]	6301	7200
RR[9]	7201	8100
RR[10]	8101	9000
RR[11]	9001	9900
RR[12]	9901	10800
RR[13]	10801	11700
RR[14]	11701	12600
RR[15]	12601	13500
RR[16]	13501	14400
RR[17]	14401	15300
RR[18]	15301	16200
RR[19]	16201	17100
RR[20]	17101	18000
RR[21]	18001	18900
RR[22]	18901	19800
RR[23]	19801	20700
RR[24]	20701	21600
RR[25]	21601	22500
RR[26]	22501	23400
RR[27]	23401	24300
RR[28]	24301	25200
RR[29]	25201	26100
RR[30]	26101	27000
RR[31]	27001	27900
RR[32]	27901	28800
RR[33]	28801	29700
RR[34]	29701	30600
RR[35]	30601	31500
RR[36]	31501	32400
RR[37]	32401	33300
RR[38]	33301	34200
RR[39]	34201	35100
RR[40]	35101	36000
RR[41]	36001	36900
RR[42]	36901	37800
RR[43]	37801	38700
RR[44]	38701	39600
RR[45]	39601	40500
RR[46]	40501	41400
RR[47]	41401	42300
RR[48]	42301	43200
RR[49]	43201	44100
RR[50]	44101	45000
RR[51]	45001	45900
RR[52]	45901	46800
RR[53]	46801	47700
RR[54]	47701	48600
RR[55]	48601	49500
RR[56]	49501	50400
RR[57]	50401	51300
RR[58]	51301	52200
RR[59]	52201	53100
RR[60]	53101	54000
RR[61]	54001	54900
RR[62]	54901	55800
RR[63]	55801	56700
RR[64]	56701	57600
RR[65]	57601	58500
RR[66]	58501	59400
RR[67]	59401	60300
RR[68]	60301	61200
RR[69]	61201	62100
RR[70]	62101	63000
RR[71]	63001	63900
RR[72]	63901	64800
RR[73]	64801	65700
RR[74]	65701	66600
RR[75]	66601	67500
RR[76]	67501	68400
RR[77]	68401	69300
RR[78]	69301	70200
RR[79]	70201	71100
RR[80]	71101	72000
RR[81]	72001	72900
RR[82]	72901	73800
RR[83]	73801	74700
RR[84]	74701	75600
RR[85]	75601	76500
RR[86]	76501	77400
RR[87]	77401	78300
RR[88]	78301	79200
RR[89]	79201	80100
RR[90]	80101	81000
RR[91]	81001	81900
RR[92]	81901	82800
RR[93]	82801	83700
RR[94]	83701	84600
RR[95]	84601	85500
RR[96]	85501	86400
RR[97]	86401	87300
RR[98]	87301	88200
RR[99]	88201	89100
RR[100]	89101	90000
RR[101]	90001	90900
RR[102]	90901	91800
RR[103]	91801	92700
RR[104]	92701	93600
RR[105]	93601	94500
RR[106]	94501	95400
RR[107]	95401	96300
RR[108]	96301	97200
RR[109]	97201	98100
RR[110]	98101	99000
RR[111]	99001	99900
RR[112]	99901	100800
RR[113]	100801	101700
RR[114]	101701	102600
RR[115]	102601	103500
RR[116]	103501	104400
RR[117]	104401	105300
RR[118]	105301	106200
RR[119]	106201	107100
RR[120]	107101	108000
RR[121]	108001	108900
RR[122]	108901	109800
RR[123]	109801	110700
RR[124]	110701	111600
RR[125]	111601	112500
RR[126]	112501	113400
RR[127]	113401	114300
RR[128]	114301	115200
RR[129]	115201	116100
RR[130]	116101	117000
RR[131]	117001	117900
RR[132]	117901	118800
RR[133]	118801	119700
RR[134]	119701	120600
RR[135]	120601	121500
RR[136]	121501	122400
RR[137]	122401	123300
RR[138]	123301	124200
RR[139]	124201	125100
RR[140]	125101	126000
RR[141]	126001	126900
RR[142]	126901	127800
RR[143]	127801	128700
RR[144]	128701	129600
alpha0	129601	130500
deviance	130501	131400
resid[1]	131401	132300
resid[2]	132301	133200
resid[3]	133201	134100
resid[4]	134101	135000
resid[5]	135001	135900
resid[6]	135901	136800
resid[7]	136801	137700
resid[8]	137701	138600
resid[9]	138601	139500
resid[10]	139501	140400
resid[11]	140401	141300
resid[12]	141301	142200
resid[13]	142201	143100
resid[14]	143101	144000
resid[15]	144001	144900
resid[16]	144901	145800
resid[17]	145801	146700
resid[18]	146701	147600
resid[19]	147601	148500
resid[20]	148501	149400
resid[21]	149401	150300
resid[22]	150301	151200
resid[23]	151201	152100
resid[24]	152101	153000
resid[25]	153001	153900
resid[26]	153901	154800
resid[27]	154801	155700
resid[28]	155701	156600
resid[29]	156601	157500
resid[30]	157501	158400
resid[31]	158401	159300
resid[32]	159301	160200
resid[33]	160201	161100
resid[34]	161101	162000
resid[35]	162001	162900
resid[36]	162901	163800
resid[37]	163801	164700
resid[38]	164701	165600
resid[39]	165601	166500
resid[40]	166501	167400
resid[41]	167401	168300
resid[42]	168301	169200
resid[43]	169201	170100
resid[44]	170101	171000
resid[45]	171001	171900
resid[46]	171901	172800
resid[47]	172801	173700
resid[48]	173701	174600
resid[49]	174601	175500
resid[50]	175501	176400
resid[51]	176401	177300
resid[52]	177301	178200
resid[53]	178201	179100
resid[54]	179101	180000
resid[55]	180001	180900
resid[56]	180901	181800
resid[57]	181801	182700
resid[58]	182701	183600
resid[59]	183601	184500
resid[60]	184501	185400
resid[61]	185401	186300
resid[62]	186301	187200
resid[63]	187201	188100
resid[64]	188101	189000
resid[65]	189001	189900
resid[66]	189901	190800
resid[67]	190801	191700
resid[68]	191701	192600
resid[69]	192601	193500
resid[70]	193501	194400
resid[71]	194401	195300
resid[72]	195301	196200
resid[73]	196201	197100
resid[74]	197101	198000
resid[75]	198001	198900
resid[76]	198901	199800
resid[77]	199801	200700
resid[78]	200701	201600
resid[79]	201601	202500
resid[80]	202501	203400
resid[81]	203401	204300
resid[82]	204301	205200
resid[83]	205201	206100
resid[84]	206101	207000
resid[85]	207001	207900
resid[86]	207901	208800
resid[87]	208801	209700
resid[88]	209701	210600
resid[89]	210601	211500
resid[90]	211501	212400
resid[91]	212401	213300
resid[92]	213301	214200
resid[93]	214201	215100
resid[94]	215101	216000
resid[95]	216001	216900
resid[96]	216901	217800
resid[97]	217801	218700
resid[98]	218701	219600
resid[99]	219601	220500
resid[100]	220501	221400
resid[101]	221401	222300
resid[102]	222301	223200
resid[103]	223201	224100
resid[104]	224101	225000
resid[105]	225001	225900
resid[106]	225901	226800
resid[107]	226801	227700
resid[108]	227701	228600
resid[109]	228601	229500
resid[110]	229501	230400
resid[111]	230401	231300
resid[112]	231301	232200
resid[113]	232201	233100
resid[114]	233101	234000
resid[115]	234001	234900
resid[116]	234901	235800
resid[117]	235801	236700
resid[118]	236701	237600
resid[119]	237601	238500
resid[120]	238501	239400
resid[121]	239401	240300
resid[122]	240301	241200
resid[123]	241201	242100
resid[124]	242101	243000
resid[125]	243001	243900
resid[126]	243901	244800
resid[127]	244801	245700
resid[128]	245701	246600
resid[129]	246601	247500
resid[130]	247501	248400
resid[131]	248401	249300
resid[132]	249301	250200
resid[133]	250201	251100
resid[134]	251101	252000
resid[135]	252001	252900
resid[136]	252901	253800
resid[137]	253801	254700
resid[138]	254701	255600
resid[139]	255601	256500
resid[140]	256501	257400
resid[141]	257401	258300
resid[142]	258301	259200
resid[143]	259201	260100
resid[144]	260101	261000
sigma.h	261001	261900
tau.h	261901	262800
